9001
9001
4161
1542
3561
9882
9882
4782
1543
4164
1545
2914
8996
9006
9016
9026
9036
9046
9056
9066
9076
9086
9096
9106
9116
9126
9136
9146
9156
9166
9176
9186
9196
9206
9216
9226
9236
9246
9256
9266
9276
9286
9296
9306
9316
9326
9336
9346
9356
9366
9376
9386
9396
9406
9416
9426
9436
9446
9456
9466
9476
9486
9496
9506
9516
9526
9536
9546
9556
9566
9576
9586
9596
9606
9616
9626
9636
9646
9656
9666
9676
9686
9696
9706
9716
9726
9736
9746
9756
9766
9776
9786
9796
9806
9816
9017
9017
9017
9017
9017
9017
9017
9017
9017
9017
9017
9017
9017
