765
766
1542
1543
1545
1546
1547
4148
4160
4161
4164
8200
4160
8340
9001
3561
4161
1542
4782
9882
1543
2914
5994
6004
6014
6024
6034
6044
6054
6064
6074
6084
6094
6104
6114
6124
6134
6144
6154
6164
6174
6184
6194
6204
6214
6224
6234
6244
6254
6264
6274
6284
6294
6304
6314
6324
6334
6344
6354
6364
6374
6384
6394
6404
6414
6424
6434
6444
6454
6464
6474
6484
6494
6504
6514
6524
6534
6544
6554
6564
6574
6584
6594
6604
6614
6624
6634
6644
6654
6664
6674
6684
6694
6704
6714
6724
6734
6744
6754
6764
6774
6784
6794
6804
6814
6824
6834
6844
6854
6864
6874
6884
6894
6904
6914
6924
6934
6944
6954
6964
6974
6984
5994
6004
6014
6024
6034
6044
6054
6064
6074
6084
6094
6104
6114
6124
6134
6144
6154
6164
6174
6184
6194
6204
6214
6224
6234
6244
6254
6264
6274
6284
6294
6304
6314
6324
6334
6344
6354
6364
6374
6384
6394
6404
6414
6424
6434
6444
6454
6464
6474
6484
6494
6504
6514
6524
6534
6544
6554
6564
6574
6584
6594
6604
6614
6624
6634
6644
6654
6664
6674
6684
6694
6704
6714
6724
6734
6744
6754
6764
6774
6784
6794
6804
6814
6824
6834
6844
6854
6864
6874
6884
6894
6904
6914
6924
6934
6944
6954
6964
6974
6984
6494
6504
6514
6524
6534
6544
6554
6564
6574
6584
6594
6604
6614
6624
6634
6644
6654
6664
6674
6684
6694
6704
6714
6724
6734
6744
6754
6764
6774
6784
6794
6804
6814
6824
6834
6844
6854
6864
6874
6884
6894
6904
6914
6924
6934
6944
6954
6964
6974
6984
6994
7004
7014
7024
7034
7044
7054
7064
7074
7084
7094
7104
7114
7124
7134
7144
7154
7164
7174
7184
7194
7204
7214
7224
7234
7244
7254
7264
7274
7284
7294
7304
7314
7324
7334
7344
7354
7364
7374
7384
7394
7404
7414
7424
7434
7444
7454
7464
7474
7484
7494
7504
7514
7524
7534
7544
7554
7564
7574
7584
7594
7604
7614
7624
7634
7644
7654
7664
7674
7684
7694
7704
7714
7724
7734
7744
7754
7764
7774
7784
7794
7804
7814
7824
7834
7844
7854
7864
7874
7884
7894
7904
7914
7924
7934
7944
7954
7964
7974
7984
4164
2795
2955
1545
765
8256
1546
766
9017
1547
3747
10427
4148
2029
11329
6499
