6
7
8
9
16
17
18
19
26
27
28
29
36
37
38
39
45
46
47
48
49
56
57
58
59
66
67
68
69
76
77
78
79
86
87
88
89
96
97
98
99
106
107
108
109
116
117
118
119
126
127
128
129
136
137
138
139
146
147
148
149
156
157
158
159
163
166
167
168
169
176
177
178
179
186
187
188
189
196
197
198
199
206
207
208
209
216
217
218
219
226
227
228
229
236
237
238
239
246
247
248
249
256
257
258
259
266
267
268
269
276
277
278
279
286
287
288
289
296
297
298
299
306
307
308
309
316
317
318
319
326
327
328
329
336
337
338
339
346
347
348
349
356
357
358
359
366
367
368
369
376
377
378
379
386
387
388
389
390
396
397
398
399
406
407
408
409
416
417
418
419
426
427
428
429
436
437
438
439
446
447
448
449
456
457
458
459
466
467
468
469
476
477
478
479
486
487
488
489
496
497
498
499
506
507
508
509
516
517
518
519
526
527
528
529
536
537
538
539
546
547
548
549
556
557
558
559
566
567
568
569
576
577
578
579
586
587
588
589
596
597
598
599
606
607
608
609
616
617
618
619
626
627
628
629
636
637
638
639
646
647
648
649
656
657
658
659
666
667
668
669
675
676
677
678
679
685
686
687
688
689
695
696
697
698
699
705
706
707
708
709
715
716
717
718
719
725
726
727
728
729
735
736
737
738
739
745
746
747
748
749
755
756
757
758
759
765
766
767
768
769
775
776
777
778
779
785
786
787
788
789
795
796
797
798
799
804
805
806
807
808
809
814
815
816
817
818
819
824
825
826
827
828
829
834
835
836
837
838
839
844
845
846
847
848
849
854
855
856
857
858
859
864
865
866
867
868
869
874
875
876
877
878
879
884
885
886
887
888
889
894
895
896
897
898
899
904
905
906
907
908
909
914
915
916
917
918
919
924
925
926
927
928
929
934
935
936
937
938
939
944
945
946
947
948
949
953
954
955
956
957
958
959
963
964
965
966
967
968
969
973
974
975
976
977
978
979
983
984
985
986
987
988
989
996
997
998
999
1001
1006
1007
1008
1009
1016
1017
1018
1019
1026
1027
1028
1029
1036
1037
1038
1039
1046
1047
1048
1049
1056
1057
1058
1059
1066
1067
1068
1069
1076
1077
1078
1079
1086
1087
1088
1089
1096
1097
1098
1099
1106
1107
1108
1109
1116
1117
1118
1119
1126
1127
1128
1129
1136
1137
1138
1139
1146
1147
1148
1149
1156
1157
1158
1159
1166
1167
1168
1169
1176
1177
1178
1179
1186
1187
1188
1189
1196
1197
1198
1199
1206
1207
1208
1209
1216
1217
1218
1219
1226
1227
1228
1229
1236
1237
1238
1239
1246
1247
1248
1249
1256
1257
1258
1259
1266
1267
1268
1269
1276
1277
1278
1279
1286
1287
1288
1289
1296
1297
1298
1299
1306
1307
1308
1309
1316
1317
1318
1319
1326
1327
1328
1329
1336
1337
1338
1339
1346
1347
1348
1349
1356
1357
1358
1359
1366
1367
1368
1369
1376
1377
1378
1379
1386
1387
1388
1389
1396
1397
1398
1399
1406
1407
1408
1409
1416
1417
1418
1419
1426
1427
1428
1429
1436
1437
1438
1439
1446
1447
1448
1449
1456
1457
1458
1459
1466
1467
1468
1469
1476
1477
1478
1479
1486
1487
1488
1489
1496
1497
1498
1499
1506
1507
1508
1509
1516
1517
1518
1519
1526
1527
1528
1529
1536
1537
1538
1539
1542
1543
1545
1546
1547
1548
1549
1556
1557
1558
1559
1566
1567
1568
1569
1576
1577
1578
1579
1586
1587
1588
1589
1596
1597
1598
1599
1606
1607
1608
1609
1616
1617
1618
1619
1626
1627
1628
1629
1636
1637
1638
1639
1646
1647
1648
1649
1656
1657
1658
1659
1666
1667
1668
1669
1676
1677
1678
1679
1686
1687
1688
1689
1696
1697
1698
1699
1706
1707
1708
1709
1716
1717
1718
1719
1726
1727
1728
1729
1736
1737
1738
1739
1746
1747
1748
1749
1756
1757
1758
1759
1766
1767
1768
1769
1776
1777
1778
1779
1786
1787
1788
1789
1796
1797
1798
1799
1806
1807
1808
1809
1816
1817
1818
1819
1826
1827
1828
1829
1836
1837
1838
1839
1846
1847
1848
1849
1856
1857
1858
1859
1866
1867
1868
1869
1876
1877
1878
1879
1886
1887
1888
1889
1896
1897
1898
1899
1906
1907
1908
1909
1916
1917
1918
1919
1926
1927
1928
1929
1936
1937
1938
1939
1946
1947
1948
1949
1956
1957
1958
1959
1966
1967
1968
1969
1976
1977
1978
1979
1986
1987
1988
1989
1996
1997
1998
1999
2006
2007
2008
2009
2016
2017
2018
2019
2026
2027
2028
2029
2036
2037
2038
2039
2046
2047
2048
2049
2056
2057
2058
2059
2066
2067
2068
2069
2076
2077
2078
2079
2086
2087
2088
2089
2096
2097
2098
2099
2106
2107
2108
2109
2116
2117
2118
2119
2126
2127
2128
2129
2136
2137
2138
2139
2146
2147
2148
2149
2156
2157
2158
2159
2166
2167
2168
2169
2176
2177
2178
2179
2186
2187
2188
2189
2196
2197
2198
2199
2206
2207
2208
2209
2216
2217
2218
2219
2226
2227
2228
2229
2236
2237
2238
2239
2246
2247
2248
2249
2256
2257
2258
2259
2266
2267
2268
2269
2276
2277
2278
2279
2286
2287
2288
2289
2296
2297
2298
2299
2306
2307
2308
2309
2316
2317
2318
2319
2326
2327
2328
2329
2336
2337
2338
2339
2346
2347
2348
2349
2356
2357
2358
2359
2366
2367
2368
2369
2376
2377
2378
2379
2386
2387
2388
2389
2396
2397
2398
2399
2406
2407
2408
2409
2416
2417
2418
2419
2426
2427
2428
2429
2436
2437
2438
2439
2446
2447
2448
2449
2456
2457
2458
2459
2466
2467
2468
2469
2476
2477
2478
2479
2486
2487
2488
2489
2496
2497
2498
2499
2506
2507
2508
2509
2516
2517
2518
2519
2525
2526
2527
2528
2529
2535
2536
2537
2538
2539
2545
2546
2547
2548
2549
2555
2556
2557
2558
2559
2565
2566
2567
2568
2569
2572
2575
2576
2577
2578
2579
2585
2586
2587
2588
2589
2595
2596
2597
2598
2599
2605
2606
2607
2608
2609
2615
2616
2617
2618
2619
2625
2626
2627
2628
2629
2635
2636
2637
2638
2639
2645
2646
2647
2648
2649
2655
2656
2657
2658
2659
2665
2666
2667
2668
2669
2675
2676
2677
2678
2679
2685
2686
2687
2688
2689
2695
2696
2697
2698
2699
2705
2706
2707
2708
2709
2715
2716
2717
2718
2719
2725
2726
2727
2728
2729
2735
2736
2737
2738
2739
2745
2746
2747
2748
2749
2755
2756
2757
2758
2759
2765
2766
2767
2768
2769
2775
2776
2777
2778
2779
2785
2786
2787
2788
2789
2795
2796
2797
2798
2799
2805
2806
2807
2808
2809
2815
2816
2817
2818
2819
2825
2826
2827
2828
2829
2834
2835
2836
2837
2838
2839
2845
2846
2847
2848
2849
2855
2856
2857
2858
2859
2865
2866
2867
2868
2869
2875
2876
2877
2878
2879
2885
2886
2887
2888
2889
2895
2896
2897
2898
2899
2903
2905
2906
2907
2908
2909
2913
2914
2915
2916
2917
2918
2919
2923
2925
2926
2927
2928
2929
2933
2935
2936
2937
2938
2939
2943
2945
2946
2947
2948
2949
2953
2954
2955
2956
2957
2958
2959
2963
2965
2966
2967
2968
2969
2973
2975
2976
2977
2978
2979
2983
2985
2986
2987
2988
2989
2996
2997
2998
2999
3006
3007
3008
3009
3016
3017
3018
3019
3026
3027
3028
3029
3036
3037
3038
3039
3046
3047
3048
3049
3056
3057
3058
3059
3066
3067
3068
3069
3076
3077
3078
3079
3086
3087
3088
3089
3096
3097
3098
3099
3106
3107
3108
3109
3116
3117
3118
3119
3126
3127
3128
3129
3136
3137
3138
3139
3146
3147
3148
3149
3156
3157
3158
3159
3166
3167
3168
3169
3176
3177
3178
3179
3186
3187
3188
3189
3196
3197
3198
3199
3206
3207
3208
3209
3216
3217
3218
3219
3226
3227
3228
3229
3236
3237
3238
3239
3246
3247
3248
3249
3256
3257
3258
3259
3266
3267
3268
3269
3276
3277
3278
3279
3286
3287
3288
3289
3296
3297
3298
3299
3306
3307
3308
3309
3316
3317
3318
3319
3326
3327
3328
3329
3336
3337
3338
3339
3346
3347
3348
3349
3356
3357
3358
3359
3366
3367
3368
3369
3376
3377
3378
3379
3386
3387
3388
3389
3396
3397
3398
3399
3406
3407
3408
3409
3416
3417
3418
3419
3426
3427
3428
3429
3436
3437
3438
3439
3446
3447
3448
3449
3456
3457
3458
3459
3466
3467
3468
3469
3476
3477
3478
3479
3486
3487
3488
3489
3496
3497
3498
3499
3506
3507
3508
3509
3516
3517
3518
3519
3526
3527
3528
3529
3536
3537
3538
3539
3546
3547
3548
3549
3556
3557
3558
3559
3561
3566
3567
3568
3569
3576
3577
3578
3579
3586
3587
3588
3589
3596
3597
3598
3599
3606
3607
3608
3609
3616
3617
3618
3619
3626
3627
3628
3629
3636
3637
3638
3639
3646
3647
3648
3649
3656
3657
3658
3659
3666
3667
3668
3669
3676
3677
3678
3679
3686
3687
3688
3689
3696
3697
3698
3699
3706
3707
3708
3709
3716
3717
3718
3719
3726
3727
3728
3729
3736
3737
3738
3739
3746
3747
3748
3749
3756
3757
3758
3759
3766
3767
3768
3769
3776
3777
3778
3779
3786
3787
3788
3789
3796
3797
3798
3799
3806
3807
3808
3809
3816
3817
3818
3819
3826
3827
3828
3829
3836
3837
3838
3839
3846
3847
3848
3849
3856
3857
3858
3859
3866
3867
3868
3869
3876
3877
3878
3879
3886
3887
3888
3889
3896
3897
3898
3899
3906
3907
3908
3909
3916
3917
3918
3919
3926
3927
3928
3929
3936
3937
3938
3939
3946
3947
3948
3949
3955
3956
3957
3958
3959
3965
3966
3967
3968
3969
3975
3976
3977
3978
3979
3985
3986
3987
3988
3989
3996
3997
3998
3999
4006
4007
4008
4009
4016
4017
4018
4019
4026
4027
4028
4029
4036
4037
4038
4039
4046
4047
4048
4049
4056
4057
4058
4059
4066
4067
4068
4069
4076
4077
4078
4079
4086
4087
4088
4089
4096
4097
4098
4099
4106
4107
4108
4109
4116
4117
4118
4119
4126
4127
4128
4129
4136
4137
4138
4139
4146
4147
4148
4149
4156
4157
4158
4159
4160
4161
4164
4166
4167
4168
4169
4170
4176
4177
4178
4179
4180
4186
4187
4188
4189
4190
4196
4197
4198
4199
4200
4206
4207
4208
4209
4210
4216
4217
4218
4219
4220
4226
4227
4228
4229
4230
4236
4237
4238
4239
4240
4246
4247
4248
4249
4250
4256
4257
4258
4259
4260
4266
4267
4268
4269
4270
4276
4277
4278
4279
4280
4286
4287
4288
4289
4290
4296
4297
4298
4299
4300
4306
4307
4308
4309
4310
4316
4317
4318
4319
4320
4326
4327
4328
4329
4330
4336
4337
4338
4339
4340
4346
4347
4348
4349
4350
4356
4357
4358
4359
4360
4366
4367
4368
4369
4370
4376
4377
4378
4379
4380
4386
4387
4388
4389
4390
4396
4397
4398
4399
4400
4406
4407
4408
4409
4410
4416
4417
4418
4419
4420
4426
4427
4428
4429
4430
4436
4437
4438
4439
4440
4446
4447
4448
4449
4450
4456
4457
4458
4459
4460
4466
4467
4468
4469
4470
4476
4477
4478
4479
4480
4486
4487
4488
4489
4490
4496
4497
4498
4499
4500
4506
4507
4508
4509
4510
4516
4517
4518
4519
4520
4526
4527
4528
4529
4530
4536
4537
4538
4539
4540
4546
4547
4548
4549
4550
4556
4557
4558
4559
4560
4566
4567
4568
4569
4570
4576
4577
4578
4579
4580
4586
4587
4588
4589
4590
4596
4597
4598
4599
4600
4605
4606
4607
4608
4609
4610
4615
4616
4617
4618
4619
4620
4625
4626
4627
4628
4629
4630
4635
4636
4637
4638
4639
4640
4645
4646
4647
4648
4649
4650
4655
4656
4657
4658
4659
4660
4665
4666
4667
4668
4669
4670
4675
4676
4677
4678
4679
4680
4685
4686
4687
4688
4689
4690
4695
4696
4697
4698
4699
4700
4705
4706
4707
4708
4709
4710
4715
4716
4717
4718
4719
4720
4725
4726
4727
4728
4729
4730
4735
4736
4737
4738
4739
4740
4745
4746
4747
4748
4749
4750
4755
4756
4757
4758
4759
4760
4765
4766
4767
4768
4769
4770
4775
4776
4777
4778
4779
4780
4782
4785
4786
4787
4788
4789
4790
4795
4796
4797
4798
4799
4800
4805
4806
4807
4808
4809
4810
4815
4816
4817
4818
4819
4820
4825
4826
4827
4828
4829
4830
4835
4836
4837
4838
4839
4840
4845
4846
4847
4848
4849
4850
4855
4856
4857
4858
4859
4860
4865
4866
4867
4868
4869
4870
4875
4876
4877
4878
4879
4880
4885
4886
4887
4888
4889
4890
4895
4896
4897
4898
4899
4900
4905
4906
4907
4908
4909
4910
4915
4916
4917
4918
4919
4920
4925
4926
4927
4928
4929
4930
4935
4936
4937
4938
4939
4940
4945
4946
4947
4948
4949
4950
4955
4956
4957
4958
4959
4960
4965
4966
4967
4968
4969
4970
4975
4976
4977
4978
4979
4980
4985
4986
4987
4988
4989
4990
4996
4997
4998
4999
5006
5007
5008
5009
5016
5017
5018
5019
5026
5027
5028
5029
5036
5037
5038
5039
5046
5047
5048
5049
5056
5057
5058
5059
5066
5067
5068
5069
5076
5077
5078
5079
5086
5087
5088
5089
5093
5096
5097
5098
5099
5106
5107
5108
5109
5116
5117
5118
5119
5126
5127
5128
5129
5136
5137
5138
5139
5146
5147
5148
5149
5156
5157
5158
5159
5166
5167
5168
5169
5176
5177
5178
5179
5186
5187
5188
5189
5196
5197
5198
5199
5201
5206
5207
5208
5209
5216
5217
5218
5219
5226
5227
5228
5229
5236
5237
5238
5239
5246
5247
5248
5249
5256
5257
5258
5259
5266
5267
5268
5269
5276
5277
5278
5279
5286
5287
5288
5289
5296
5297
5298
5299
5306
5307
5308
5309
5316
5317
5318
5319
5326
5327
5328
5329
5336
5337
5338
5339
5346
5347
5348
5349
5356
5357
5358
5359
5366
5367
5368
5369
5376
5377
5378
5379
5386
5387
5388
5389
5396
5397
5398
5399
5406
5407
5408
5409
5416
5417
5418
5419
5426
5427
5428
5429
5436
5437
5438
5439
5446
5447
5448
5449
5456
5457
5458
5459
5466
5467
5468
5469
5476
5477
5478
5479
5486
5487
5488
5489
5496
5497
5498
5499
5506
5507
5508
5509
5516
5517
5518
5519
5526
5527
5528
5529
5536
5537
5538
5539
5546
5547
5548
5549
5556
5557
5558
5559
5566
5567
5568
5569
5576
5577
5578
5579
5586
5587
5588
5589
5596
5597
5598
5599
5606
5607
5608
5609
5616
5617
5618
5619
5626
5627
5628
5629
5635
5636
5637
5638
5639
5645
5646
5647
5648
5649
5655
5656
5657
5658
5659
5665
5666
5667
5668
5669
5675
5676
5677
5678
5679
5685
5686
5687
5688
5689
5695
5696
5697
5698
5699
5705
5706
5707
5708
5709
5715
5716
5717
5718
5719
5725
5726
5727
5728
5729
5735
5736
5737
5738
5739
5745
5746
5747
5748
5749
5755
5756
5757
5758
5759
5765
5766
5767
5768
5769
5775
5776
5777
5778
5779
5785
5786
5787
5788
5789
5795
5796
5797
5798
5799
5805
5806
5807
5808
5809
5815
5816
5817
5818
5819
5825
5826
5827
5828
5829
5835
5836
5837
5838
5839
5845
5846
5847
5848
5849
5855
5856
5857
5858
5859
5865
5866
5867
5868
5869
5875
5876
5877
5878
5879
5885
5886
5887
5888
5889
5895
5896
5897
5898
5899
5905
5906
5907
5908
5909
5915
5916
5917
5918
5919
5925
5926
5927
5928
5929
5935
5936
5937
5938
5939
5945
5946
5947
5948
5949
5955
5956
5957
5958
5959
5965
5966
5967
5968
5969
5975
5976
5977
5978
5979
5983
5985
5986
5987
5988
5989
5996
5997
5998
5999
6006
6007
6008
6009
6016
6017
6018
6019
6026
6027
6028
6029
6036
6037
6038
6039
6046
6047
6048
6049
6056
6057
6058
6059
6066
6067
6068
6069
6076
6077
6078
6079
6086
6087
6088
6089
6096
6097
6098
6099
6106
6107
6108
6109
6116
6117
6118
6119
6126
6127
6128
6129
6136
6137
6138
6139
6146
6147
6148
6149
6156
6157
6158
6159
6166
6167
6168
6169
6176
6177
6178
6179
6186
6187
6188
6189
6196
6197
6198
6199
6206
6207
6208
6209
6216
6217
6218
6219
6226
6227
6228
6229
6231
6236
6237
6238
6239
6246
6247
6248
6249
6256
6257
6258
6259
6266
6267
6268
6269
6276
6277
6278
6279
6286
6287
6288
6289
6296
6297
6298
6299
6306
6307
6308
6309
6316
6317
6318
6319
6326
6327
6328
6329
6336
6337
6338
6339
6346
6347
6348
6349
6356
6357
6358
6359
6366
6367
6368
6369
6376
6377
6378
6379
6386
6387
6388
6389
6396
6397
6398
6399
6406
6407
6408
6409
6416
6417
6418
6419
6426
6427
6428
6429
6436
6437
6438
6439
6446
6447
6448
6449
6456
6457
6458
6459
6466
6467
6468
6469
6476
6477
6478
6479
6486
6487
6488
6489
6496
6497
6498
6499
6506
6507
6508
6509
6516
6517
6518
6519
6526
6527
6528
6529
6536
6537
6538
6539
6546
6547
6548
6549
6556
6557
6558
6559
6566
6567
6568
6569
6576
6577
6578
6579
6586
6587
6588
6589
6596
6597
6598
6599
6606
6607
6608
6609
6616
6617
6618
6619
6626
6627
6628
6629
6636
6637
6638
6639
6646
6647
6648
6649
6656
6657
6658
6659
6666
6667
6668
6669
6676
6677
6678
6679
6686
6687
6688
6689
6696
6697
6698
6699
6706
6707
6708
6709
6716
6717
6718
6719
6726
6727
6728
6729
6736
6737
6738
6739
6746
6747
6748
6749
6756
6757
6758
6759
6766
6767
6768
6769
6776
6777
6778
6779
6786
6787
6788
6789
6796
6797
6798
6799
6806
6807
6808
6809
6816
6817
6818
6819
6826
6827
6828
6829
6836
6837
6838
6839
6845
6846
6847
6848
6849
6856
6857
6858
6859
6866
6867
6868
6869
6876
6877
6878
6879
6886
6887
6888
6889
6896
6897
6898
6899
6906
6907
6908
6909
6916
6917
6918
6919
6926
6927
6928
6929
6936
6937
6938
6939
6946
6947
6948
6949
6956
6957
6958
6959
6966
6967
6968
6969
6976
6977
6978
6979
6986
6987
6988
6989
6996
6997
6998
6999
7006
7007
7008
7009
7016
7017
7018
7019
7026
7027
7028
7029
7036
7037
7038
7039
7046
7047
7048
7049
7056
7057
7058
7059
7066
7067
7068
7069
7075
7076
7077
7078
7079
7086
7087
7088
7089
7096
7097
7098
7099
7106
7107
7108
7109
7116
7117
7118
7119
7126
7127
7128
7129
7136
7137
7138
7139
7146
7147
7148
7149
7156
7157
7158
7159
7166
7167
7168
7169
7176
7177
7178
7179
7186
7187
7188
7189
7196
7197
7198
7199
7206
7207
7208
7209
7216
7217
7218
7219
7226
7227
7228
7229
7236
7237
7238
7239
7246
7247
7248
7249
7256
7257
7258
7259
7266
7267
7268
7269
7276
7277
7278
7279
7286
7287
7288
7289
7296
7297
7298
7299
7306
7307
7308
7309
7316
7317
7318
7319
7326
7327
7328
7329
7336
7337
7338
7339
7346
7347
7348
7349
7356
7357
7358
7359
7366
7367
7368
7369
7376
7377
7378
7379
7386
7387
7388
7389
7396
7397
7398
7399
7406
7407
7408
7409
7416
7417
7418
7419
7426
7427
7428
7429
7436
7437
7438
7439
7446
7447
7448
7449
7456
7457
7458
7459
7466
7467
7468
7469
7476
7477
7478
7479
7486
7487
7488
7489
7496
7497
7498
7499
7506
7507
7508
7509
7516
7517
7518
7519
7526
7527
7528
7529
7536
7537
7538
7539
7546
7547
7548
7549
7556
7557
7558
7559
7566
7567
7568
7569
7576
7577
7578
7579
7586
7587
7588
7589
7596
7597
7598
7599
7606
7607
7608
7609
7616
7617
7618
7619
7626
7627
7628
7629
7636
7637
7638
7639
7646
7647
7648
7649
7656
7657
7658
7659
7666
7667
7668
7669
7676
7677
7678
7679
7686
7687
7688
7689
7696
7697
7698
7699
7706
7707
7708
7709
7716
7717
7718
7719
7726
7727
7728
7729
7736
7737
7738
7739
7746
7747
7748
7749
7756
7757
7758
7759
7766
7767
7768
7769
7776
7777
7778
7779
7786
7787
7788
7789
7796
7797
7798
7799
7806
7807
7808
7809
7816
7817
7818
7819
7826
7827
7828
7829
7836
7837
7838
7839
7846
7847
7848
7849
7856
7857
7858
7859
7866
7867
7868
7869
7876
7877
7878
7879
7884
7886
7887
7888
7889
7896
7897
7898
7899
7906
7907
7908
7909
7916
7917
7918
7919
7926
7927
7928
7929
7936
7937
7938
7939
7946
7947
7948
7949
7956
7957
7958
7959
7966
7967
7968
7969
7976
7977
7978
7979
7986
7987
7988
7989
7996
7997
7998
7999
8006
8007
8008
8009
8016
8017
8018
8019
8026
8027
8028
8029
8036
8037
8038
8039
8046
8047
8048
8049
8056
8057
8058
8059
8066
8067
8068
8069
8076
8077
8078
8079
8086
8087
8088
8089
8096
8097
8098
8099
8106
8107
8108
8109
8116
8117
8118
8119
8126
8127
8128
8129
8132
8136
8137
8138
8139
8146
8147
8148
8149
8156
8157
8158
8159
8166
8167
8168
8169
8176
8177
8178
8179
8186
8187
8188
8189
8196
8197
8198
8199
8200
8206
8207
8208
8209
8216
8217
8218
8219
8226
8227
8228
8229
8236
8237
8238
8239
8246
8247
8248
8249
8256
8257
8258
8259
8266
8267
8268
8269
8276
8277
8278
8279
8286
8287
8288
8289
8292
8296
8297
8298
8299
8306
8307
8308
8309
8316
8317
8318
8319
8326
8327
8328
8329
8336
8337
8338
8339
8340
8346
8347
8348
8349
8350
8356
8357
8358
8359
8360
8366
8367
8368
8369
8370
8376
8377
8378
8379
8380
8386
8387
8388
8389
8390
8396
8397
8398
8399
8400
8406
8407
8408
8409
8410
8416
8417
8418
8419
8420
8426
8427
8428
8429
8430
8436
8437
8438
8439
8440
8446
8447
8448
8449
8450
8456
8457
8458
8459
8460
8466
8467
8468
8469
8470
8476
8477
8478
8479
8480
8486
8487
8488
8489
8490
8496
8497
8498
8499
8500
8506
8507
8508
8509
8510
8516
8517
8518
8519
8520
8526
8527
8528
8529
8530
8536
8537
8538
8539
8540
8546
8547
8548
8549
8550
8556
8557
8558
8559
8560
8566
8567
8568
8569
8570
8576
8577
8578
8579
8580
8586
8587
8588
8589
8590
8596
8597
8598
8599
8600
8606
8607
8608
8609
8610
8616
8617
8618
8619
8620
8626
8627
8628
8629
8630
8636
8637
8638
8639
8640
8646
8647
8648
8649
8650
8656
8657
8658
8659
8660
8665
8666
8667
8668
8669
8670
8675
8676
8677
8678
8679
8680
8685
8686
8687
8688
8689
8690
8695
8696
8697
8698
8699
8700
8705
8706
8707
8708
8709
8710
8715
8716
8717
8718
8719
8720
8725
8726
8727
8728
8729
8730
8735
8736
8737
8738
8739
8740
8745
8746
8747
8748
8749
8750
8755
8756
8757
8758
8759
8760
8765
8766
8767
8768
8769
8770
8775
8776
8777
8778
8779
8780
8785
8786
8787
8788
8789
8790
8795
8796
8797
8798
8799
8800
8805
8806
8807
8808
8809
8810
8815
8816
8817
8818
8819
8820
8825
8826
8827
8828
8829
8830
8835
8836
8837
8838
8839
8840
8845
8846
8847
8848
8849
8850
8855
8856
8857
8858
8859
8860
8865
8866
8867
8868
8869
8870
8875
8876
8877
8878
8879
8880
8885
8886
8887
8888
8889
8890
8895
8896
8897
8898
8899
8900
8904
8905
8906
8907
8908
8909
8910
8914
8915
8916
8917
8918
8919
8920
8924
8925
8926
8927
8928
8929
8930
8934
8935
8936
8937
8938
8939
8940
8944
8945
8946
8947
8948
8949
8950
8954
8955
8956
8957
8958
8959
8960
8964
8965
8966
8967
8968
8969
8970
8974
8975
8976
8977
8978
8979
8980
8983
8984
8985
8986
8987
8988
8989
8990
9001
9017
9674
9882
9918
9928
9938
9948
9958
9968
9978
9988
9996
9997
9998
9999
10006
10007
10008
10009
10016
10017
10018
10019
10026
10027
10028
10029
10036
10037
10038
10039
10046
10047
10048
10049
10056
10057
10058
10059
10066
10067
10068
10069
10076
10077
10078
10079
10086
10087
10088
10089
10096
10097
10098
10099
10106
10107
10108
10109
10116
10117
10118
10119
10126
10127
10128
10129
10136
10137
10138
10139
10146
10147
10148
10149
10152
10156
10157
10158
10159
10166
10167
10168
10169
10176
10177
10178
10179
10186
10187
10188
10189
10196
10197
10198
10199
10206
10207
10208
10209
10216
10217
10218
10219
10226
10227
10228
10229
10236
10237
10238
10239
10246
10247
10248
10249
10256
10257
10258
10259
10266
10267
10268
10269
10276
10277
10278
10279
10286
10287
10288
10289
10296
10297
10298
10299
10306
10307
10308
10309
10316
10317
10318
10319
10326
10327
10328
10329
10336
10337
10338
10339
10346
10347
10348
10349
10356
10357
10358
10359
10366
10367
10368
10369
10376
10377
10378
10379
10386
10387
10388
10389
10396
10397
10398
10399
10406
10407
10408
10409
10416
10417
10418
10419
10426
10427
10428
10429
10436
10437
10438
10439
10446
10447
10448
10449
10456
10457
10458
10459
10466
10467
10468
10469
10476
10477
10478
10479
10486
10487
10488
10489
10496
10497
10498
10499
10506
10507
10508
10509
10516
10517
10518
10519
10526
10527
10528
10529
10536
10537
10538
10539
10546
10547
10548
10549
10556
10557
10558
10559
10566
10567
10568
10569
10576
10577
10578
10579
10586
10587
10588
10589
10596
10597
10598
10599
10606
10607
10608
10609
10616
10617
10618
10619
10626
10627
10628
10629
10636
10637
10638
10639
10646
10647
10648
10649
10656
10657
10658
10659
10666
10667
10668
10669
10676
10677
10678
10679
10686
10687
10688
10689
10696
10697
10698
10699
10706
10707
10708
10709
10716
10717
10718
10719
10726
10727
10728
10729
10736
10737
10738
10739
10746
10747
10748
10749
10756
10757
10758
10759
10766
10767
10768
10769
10773
10776
10777
10778
10779
10786
10787
10788
10789
10796
10797
10798
10799
10806
10807
10808
10809
10816
10817
10818
10819
10826
10827
10828
10829
10836
10837
10838
10839
10846
10847
10848
10849
10856
10857
10858
10859
10866
10867
10868
10869
10876
10877
10878
10879
10886
10887
10888
10889
10896
10897
10898
10899
10906
10907
10908
10909
10916
10917
10918
10919
10926
10927
10928
10929
10936
10937
10938
10939
10946
10947
10948
10949
10956
10957
10958
10959
10966
10967
10968
10969
10976
10977
10978
10979
10986
10987
10988
10989
10996
10997
10998
10999
11006
11007
11008
11009
11016
11017
11018
11019
11026
11027
11028
11029
11036
11037
11038
11039
11046
11047
11048
11049
11056
11057
11058
11059
11066
11067
11068
11069
11076
11077
11078
11079
11086
11087
11088
11089
11096
11097
11098
11099
11106
11107
11108
11109
11116
11117
11118
11119
11126
11127
11128
11129
11136
11137
11138
11139
11146
11147
11148
11149
11156
11157
11158
11159
11166
11167
11168
11169
11176
11177
11178
11179
11186
11187
11188
11189
11196
11197
11198
11199
11206
11207
11208
11209
11216
11217
11218
11219
11226
11227
11228
11229
11236
11237
11238
11239
11246
11247
11248
11249
11256
11257
11258
11259
11266
11267
11268
11269
11276
11277
11278
11279
11286
11287
11288
11289
11296
11297
11298
11299
11306
11307
11308
11309
11316
11317
11318
11319
11326
11327
11328
11329
11336
11337
11338
11339
11346
11347
11348
11349
11356
11357
11358
11359
11366
11367
11368
11369
11376
11377
11378
11379
11386
11387
11388
11389
11396
11397
11398
11399
11406
11407
11408
11409
11416
11417
11418
11419
11426
11427
11428
11429
11436
11437
11438
11439
11446
11447
11448
11449
11456
11457
11458
11459
11466
11467
11468
11469
11476
11477
11478
11479
11486
11487
11488
11489
11496
11497
11498
11499
11506
11507
11508
11509
11516
11517
11518
11519
11526
11527
11528
11529
11536
11537
11538
11539
11546
11547
11548
11549
11556
11557
11558
11559
11566
11567
11568
11569
11576
11577
11578
11579
11586
11587
11588
11589
11596
11597
11598
11599
11606
11607
11608
11609
11616
11617
11618
11619
11626
11627
11628
11629
11631
11636
11637
11638
11639
11646
11647
11648
11649
11656
11657
11658
11659
11666
11667
11668
11669
11676
11677
11678
11679
11686
11687
11688
11689
11696
11697
11698
11699
11706
11707
11708
11709
11716
11717
11718
11719
11726
11727
11728
11729
11736
11737
11738
11739
11746
11747
11748
11749
11756
11757
11758
11759
11766
